[1.06575336 1.17253909 0.89978171 0.98859159 1.07192351 1.14462855
 1.02625003 0.96083268 0.91302239 1.02236917 0.97359792 1.09461763
 1.33059442 1.71564273 2.16207831 1.22459462 3.04168894 1.45978492
 1.23516093 1.27192337 1.29157234 1.22652903 1.26140472 1.27349097
 1.31968231 1.51770167 1.43201948 1.52119772 1.76470106 1.45077274
 1.29693401 1.50366314 1.31869553 1.19412743 1.3958922  1.46618058
 1.67990721 1.60413333 1.43789375 2.92980409 1.57820798 1.7274202
 1.87132239 1.58741674 1.57132778 1.63206841 1.67620365 1.66913282
 1.63878974 1.80792257 1.73602799 1.67440144 1.66261659 1.65549187
 1.69327853 1.54007523 1.80345392 1.92184876 1.8920936  2.08245379
 1.71485056 1.77078468 1.86469907 2.09212339 1.90225794 1.71948501
 1.72816826 1.7591916  1.7990701  1.52367083 1.78774708 1.54375624
 1.81485425 1.92975076 1.827568   1.83469612 1.41915793 1.39681982
 2.41731445 2.60401178 3.34813864 3.06177435 3.41510814 3.50570931
 3.23491654 2.96281573 3.98708299 4.06250312 4.25578931 3.92382614
 5.11673588 3.36214966 3.27025477 3.38412863 3.10559215 3.84552228
 3.14311343 2.66765117 4.05191426 2.08542943 3.53406366 4.56979791
 4.04649643 4.09474401 3.99225927 3.49708918 3.02374643 2.53722639
 2.64803439 2.37859874 2.118073   1.65870396 1.24133065 1.20109088
 1.23790197 1.22366005 1.1901487  1.28503072 1.25560747 1.29179659
 1.38357715 1.90578945 2.21098558 2.37999075 2.82058483 5.56680765
 6.85713153 7.47362728 7.61755983 6.52246349 4.9471662  3.27518638
 2.33210614 2.45780314 1.44514485 1.25785477 1.38478492 1.63937937
 1.56315033 2.14029664 2.30158321 1.73881598 2.63126759 2.85661751
 1.82627031 1.46949806 1.50938876 1.66326437 1.82851846 1.65445786
 1.63564531 1.91769145 2.04461423 1.86511991 1.80144605 2.01593889
 1.842635   2.01120657 2.02851307 2.25200192 2.12111304 1.62621159
 1.74586865 1.81632313 2.00173696 1.80443715 2.0167617  1.82299737
 1.82375054 1.84400815 3.22287837 2.91092984 2.77717326 2.51001512
 2.11537522 1.99457919 2.23984701 1.336445   1.37637584 1.41449468
 1.42733935 1.24262252 0.97366643 1.40795831 1.85826454 1.98693732
 1.98943114 1.73419245 1.88113922 1.5719384  1.71915126 2.10608348
 1.86780365 1.77436187 1.78855713 1.65759676 1.4989789  1.55703238
 1.50047048 1.45672261 1.20078848 1.17677909 1.49914811 1.48751943
 1.70474764 1.46812733 1.74300719 1.27977686 1.42836854 1.3241796
 1.39102428 1.26537707 1.34998794 1.22701426 1.1897378  1.21277616
 1.19547122 1.22896284 1.13736    1.07893348]